2218000.000 40.500    0.000 10 221 inf
46127000.000 115.148    0.000 15 461 inf
78364000.000 249.562    0.020 20 783 3200000.000
1000125000.000 461.320    0.060 25 1000 2083333.333
1000512000.000 1736.438    0.260 40 1000 1969230.769
10001728000.000 5585.812    0.870 60 1000 1986206.897
10004096000.000 12922.688    2.080 80 1000 1969230.769
10008000000.000 24872.062    4.120 100 1000 1941747.573
100013824000.000 42558.938    8.190 120 1000 1687912.088
100064000000.000 193181.438   43.460 200 1000 1472618.500
