1 6341.696 
2 3898.294 
3 2820.102 
4 2234.226 
5 1867.538 
6 1615.295 
7 1430.168 
8 1287.872 
9 1174.674 
10 1082.209 
11 1005.079 
12 939.634 
13 883.315 
14 834.271 
15 791.126 
16 752.838 
17 718.599 
18 687.775 
19 659.860 
20 634.444 
21 611.192 
22 589.829 
23 570.124 
24 551.884 
25 534.944 
26 519.164 
27 504.424 
28 490.621 
29 477.664 
30 465.474 
31 453.982 
32 443.127 
33 432.856 
34 423.121 
35 413.879 
36 405.091 
37 396.724 
38 388.747 
39 381.132 
40 373.854 
41 366.890 
42 360.219 
43 353.822 
44 347.682 
45 341.783 
46 336.111 
47 330.651 
48 325.393 
49 320.324 
50 315.434 
51 310.713 
52 306.152 
53 301.743 
54 297.478 
55 293.349 
56 289.351 
57 285.476 
58 281.719 
59 278.074 
60 274.536 
61 271.101 
62 267.762 
63 264.518 
64 261.362 
65 258.292 
66 255.303 
67 252.394 
68 249.559 
69 246.797 
70 244.104 
71 241.478 
72 238.916 
73 236.416 
74 233.975 
75 231.591 
76 229.263 
77 226.987 
78 224.763 
79 222.589 
80 220.462 
81 218.381 
82 216.345 
83 214.352 
84 212.401 
85 210.490 
86 208.618 
87 206.784 
88 204.986 
89 203.224 
90 201.496 
91 199.802 
92 198.140 
93 196.509 
94 194.909 
95 193.338 
96 191.796 
97 190.282 
98 188.795 
99 187.334 
100 185.899 
101 184.489 
102 183.103 
103 181.741 
104 180.402 
105 179.085 
106 177.790 
107 176.516 
108 175.263 
109 174.030 
110 172.817 
111 171.622 
112 170.447 
113 169.290 
114 168.150 
115 167.028 
116 165.923 
117 164.834 
118 163.762 
119 162.705 
120 161.664 
121 160.638 
122 159.627 
123 158.630 
124 157.647 
125 156.678 
126 155.722 
127 154.779 
128 153.850 
129 152.933 
130 152.028 
131 151.136 
132 150.255 
133 149.386 
134 148.528 
135 147.682 
136 146.846 
137 146.021 
138 145.207 
139 144.402 
140 143.608 
141 142.824 
142 142.049 
143 141.284 
144 140.528 
145 139.781 
146 139.044 
147 138.314 
148 137.594 
149 136.882 
150 136.178 
151 135.483 
152 134.795 
153 134.116 
154 133.444 
155 132.780 
156 132.123 
157 131.473 
158 130.831 
159 130.196 
160 129.567 
161 128.946 
162 128.331 
163 127.723 
164 127.121 
165 126.526 
166 125.936 
167 125.354 
168 124.777 
169 124.206 
170 123.641 
171 123.082 
172 122.528 
173 121.980 
174 121.438 
175 120.901 
176 120.369 
177 119.843 
178 119.321 
179 118.805 
180 118.294 
181 117.788 
182 117.286 
183 116.790 
184 116.298 
185 115.811 
186 115.328 
187 114.850 
188 114.376 
189 113.907 
190 113.442 
191 112.981 
192 112.525 
193 112.072 
194 111.624 
195 111.179 
196 110.739 
197 110.303 
198 109.870 
199 109.441 
200 109.016 
201 108.595 
202 108.177 
203 107.763 
204 107.352 
205 106.945 
206 106.542 
207 106.141 
208 105.744 
209 105.351 
210 104.961 
211 104.573 
212 104.190 
213 103.809 
214 103.431 
215 103.057 
216 102.685 
217 102.317 
218 101.951 
219 101.588 
220 101.228 
221 100.872 
222 100.517 
223 100.166 
224 99.817 
225 99.471 
226 99.128 
227 98.787 
228 98.449 
229 98.114 
230 97.781 
231 97.451 
232 97.123 
233 96.797 
234 96.474 
235 96.154 
236 95.835 
237 95.519 
238 95.206 
239 94.894 
240 94.585 
241 94.279 
242 93.974 
243 93.672 
244 93.371 
245 93.073 
246 92.777 
247 92.483 
248 92.191 
249 91.902 
250 91.614 
251 91.328 
252 91.044 
253 90.762 
254 90.482 
255 90.204 
256 89.928 
257 89.654 
258 89.382 
259 89.111 
260 88.842 
261 88.575 
262 88.310 
263 88.047 
264 87.785 
265 87.525 
266 87.267 
267 87.010 
268 86.755 
269 86.502 
270 86.250 
271 86.000 
272 85.752 
273 85.505 
274 85.260 
275 85.016 
276 84.774 
277 84.533 
278 84.294 
279 84.057 
280 83.821 
281 83.586 
282 83.353 
283 83.121 
284 82.890 
285 82.661 
286 82.434 
287 82.208 
288 81.983 
289 81.759 
290 81.537 
291 81.316 
292 81.097 
293 80.879 
294 80.662 
295 80.446 
296 80.232 
297 80.019 
298 79.807 
299 79.596 
300 79.387 
301 79.179 
302 78.972 
303 78.766 
304 78.561 
305 78.358 
306 78.155 
307 77.954 
308 77.754 
309 77.555 
310 77.358 
311 77.161 
312 76.965 
313 76.771 
314 76.578 
315 76.385 
316 76.194 
317 76.004 
318 75.814 
319 75.626 
320 75.439 
321 75.253 
322 75.068 
323 74.884 
324 74.701 
325 74.519 
326 74.337 
327 74.157 
328 73.978 
329 73.800 
330 73.622 
331 73.446 
332 73.270 
333 73.096 
334 72.922 
335 72.749 
336 72.577 
337 72.406 
338 72.236 
339 72.067 
340 71.898 
341 71.731 
342 71.564 
343 71.398 
344 71.233 
345 71.069 
346 70.906 
347 70.743 
348 70.582 
349 70.421 
350 70.261 
351 70.101 
352 69.943 
353 69.785 
354 69.628 
355 69.472 
356 69.316 
357 69.162 
358 69.008 
359 68.855 
360 68.702 
361 68.550 
362 68.399 
363 68.249 
364 68.100 
365 67.951 
366 67.803 
367 67.655 
368 67.508 
369 67.362 
370 67.217 
371 67.072 
372 66.928 
373 66.785 
374 66.642 
375 66.500 
376 66.359 
377 66.218 
378 66.078 
379 65.939 
380 65.800 
381 65.662 
382 65.524 
383 65.387 
384 65.251 
385 65.115 
386 64.980 
387 64.846 
388 64.712 
389 64.579 
390 64.446 
391 64.314 
392 64.183 
393 64.052 
394 63.921 
395 63.792 
396 63.662 
397 63.534 
398 63.406 
399 63.278 
400 63.151 
401 63.025 
402 62.899 
403 62.774 
404 62.649 
405 62.525 
406 62.401 
407 62.278 
408 62.155 
409 62.033 
410 61.912 
411 61.790 
412 61.670 
413 61.550 
414 61.430 
415 61.311 
416 61.193 
417 61.074 
418 60.957 
419 60.840 
420 60.723 
421 60.607 
422 60.491 
423 60.376 
424 60.261 
425 60.147 
426 60.033 
427 59.920 
428 59.807 
429 59.695 
430 59.583 
431 59.471 
432 59.360 
433 59.250 
434 59.139 
435 59.030 
436 58.920 
437 58.812 
438 58.703 
439 58.595 
440 58.488 
441 58.380 
442 58.274 
443 58.167 
444 58.062 
445 57.956 
446 57.851 
447 57.746 
448 57.642 
449 57.538 
450 57.435 
451 57.332 
452 57.229 
453 57.127 
454 57.025 
455 56.924 
456 56.822 
457 56.722 
458 56.621 
459 56.521 
460 56.422 
461 56.323 
462 56.224 
463 56.125 
464 56.027 
465 55.930 
466 55.832 
467 55.735 
468 55.639 
469 55.542 
470 55.446 
471 55.351 
472 55.256 
473 55.161 
474 55.066 
475 54.972 
476 54.878 
477 54.785 
478 54.692 
479 54.599 
480 54.506 
481 54.414 
482 54.322 
483 54.231 
484 54.140 
485 54.049 
486 53.959 
487 53.868 
488 53.779 
489 53.689 
490 53.600 
491 53.511 
492 53.422 
493 53.334 
494 53.246 
495 53.159 
496 53.071 
497 52.984 
498 52.897 
499 52.811 
500 52.725 
501 52.639 
502 52.554 
503 52.468 
504 52.383 
505 52.299 
506 52.214 
507 52.130 
508 52.047 
509 51.963 
510 51.880 
511 51.797 
512 51.714 
513 51.632 
514 51.550 
515 51.468 
516 51.386 
517 51.305 
518 51.224 
519 51.144 
520 51.063 
521 50.983 
522 50.903 
523 50.823 
524 50.744 
525 50.665 
526 50.586 
527 50.508 
528 50.429 
529 50.351 
530 50.273 
531 50.196 
532 50.118 
533 50.041 
534 49.965 
535 49.888 
536 49.812 
537 49.736 
538 49.660 
539 49.584 
540 49.509 
541 49.434 
542 49.359 
543 49.285 
544 49.210 
545 49.136 
546 49.062 
547 48.989 
548 48.915 
549 48.842 
550 48.769 
551 48.696 
552 48.624 
553 48.552 
554 48.480 
555 48.408 
556 48.336 
557 48.265 
558 48.194 
559 48.123 
560 48.052 
561 47.982 
562 47.912 
563 47.842 
564 47.772 
565 47.702 
566 47.633 
567 47.564 
568 47.495 
569 47.426 
570 47.358 
571 47.289 
572 47.221 
573 47.153 
574 47.086 
575 47.018 
576 46.951 
577 46.884 
578 46.817 
579 46.750 
580 46.684 
581 46.617 
582 46.551 
583 46.486 
584 46.420 
585 46.354 
586 46.289 
587 46.224 
588 46.159 
589 46.094 
590 46.030 
591 45.966 
592 45.901 
593 45.838 
594 45.774 
595 45.710 
596 45.647 
597 45.584 
598 45.521 
599 45.458 
600 45.395 
601 45.333 
602 45.271 
603 45.208 
604 45.147 
605 45.085 
606 45.023 
607 44.962 
608 44.901 
609 44.840 
610 44.779 
611 44.718 
612 44.658 
613 44.597 
614 44.537 
615 44.477 
616 44.417 
617 44.358 
618 44.298 
619 44.239 
620 44.180 
621 44.121 
622 44.062 
623 44.003 
624 43.945 
625 43.887 
626 43.829 
627 43.771 
628 43.713 
629 43.655 
630 43.598 
631 43.540 
632 43.483 
633 43.426 
634 43.369 
635 43.313 
636 43.256 
637 43.200 
638 43.143 
639 43.087 
640 43.031 
641 42.976 
642 42.920 
643 42.865 
644 42.809 
645 42.754 
646 42.699 
647 42.644 
648 42.589 
649 42.535 
650 42.481 
651 42.426 
652 42.372 
653 42.318 
654 42.264 
655 42.211 
656 42.157 
657 42.104 
658 42.050 
659 41.997 
660 41.944 
661 41.891 
662 41.839 
663 41.786 
664 41.734 
665 41.682 
666 41.629 
667 41.577 
668 41.526 
669 41.474 
670 41.422 
671 41.371 
672 41.319 
673 41.268 
674 41.217 
675 41.166 
676 41.115 
677 41.065 
678 41.014 
679 40.964 
680 40.914 
681 40.863 
682 40.813 
683 40.764 
684 40.714 
685 40.664 
686 40.615 
687 40.565 
688 40.516 
689 40.467 
690 40.418 
691 40.369 
692 40.320 
693 40.272 
694 40.223 
695 40.175 
696 40.127 
697 40.079 
698 40.031 
699 39.983 
700 39.935 
701 39.887 
702 39.840 
703 39.792 
704 39.745 
705 39.698 
706 39.651 
707 39.604 
708 39.557 
709 39.510 
710 39.464 
711 39.417 
712 39.371 
713 39.325 
714 39.279 
715 39.233 
716 39.187 
717 39.141 
718 39.095 
719 39.050 
720 39.004 
721 38.959 
722 38.914 
723 38.868 
724 38.823 
725 38.779 
726 38.734 
727 38.689 
728 38.644 
729 38.600 
730 38.556 
731 38.511 
732 38.467 
733 38.423 
734 38.379 
735 38.335 
736 38.292 
737 38.248 
738 38.205 
739 38.161 
740 38.118 
741 38.075 
742 38.031 
743 37.988 
744 37.946 
745 37.903 
746 37.860 
747 37.817 
748 37.775 
749 37.733 
750 37.690 
751 37.648 
752 37.606 
753 37.564 
754 37.522 
755 37.480 
756 37.438 
757 37.397 
758 37.355 
759 37.314 
760 37.273 
761 37.231 
762 37.190 
763 37.149 
764 37.108 
765 37.067 
766 37.027 
767 36.986 
768 36.945 
769 36.905 
770 36.864 
771 36.824 
772 36.784 
773 36.744 
774 36.704 
775 36.664 
776 36.624 
777 36.584 
778 36.544 
779 36.505 
780 36.465 
781 36.426 
782 36.387 
783 36.347 
784 36.308 
785 36.269 
786 36.230 
787 36.191 
788 36.153 
789 36.114 
790 36.075 
791 36.037 
792 35.998 
793 35.960 
794 35.922 
795 35.883 
796 35.845 
797 35.807 
798 35.769 
799 35.731 
800 35.694 
801 35.656 
802 35.618 
803 35.581 
804 35.543 
805 35.506 
806 35.469 
807 35.431 
808 35.394 
809 35.357 
810 35.320 
811 35.283 
812 35.247 
813 35.210 
814 35.173 
815 35.137 
816 35.100 
817 35.064 
818 35.027 
819 34.991 
820 34.955 
821 34.919 
822 34.883 
823 34.847 
824 34.811 
825 34.775 
826 34.739 
827 34.704 
828 34.668 
829 34.633 
830 34.597 
831 34.562 
832 34.526 
833 34.491 
834 34.456 
835 34.421 
836 34.386 
837 34.351 
838 34.316 
839 34.281 
840 34.247 
841 34.212 
842 34.178 
843 34.143 
844 34.109 
845 34.074 
846 34.040 
847 34.006 
848 33.972 
849 33.938 
850 33.903 
851 33.870 
852 33.836 
853 33.802 
854 33.768 
855 33.734 
856 33.701 
857 33.667 
858 33.634 
859 33.601 
860 33.567 
861 33.534 
862 33.501 
863 33.468 
864 33.435 
865 33.402 
866 33.369 
867 33.336 
868 33.303 
869 33.270 
870 33.238 
871 33.205 
872 33.172 
873 33.140 
874 33.107 
875 33.075 
876 33.043 
877 33.011 
878 32.978 
879 32.946 
880 32.914 
881 32.882 
882 32.850 
883 32.819 
884 32.787 
885 32.755 
886 32.723 
887 32.692 
888 32.660 
889 32.629 
890 32.597 
891 32.566 
892 32.535 
893 32.503 
894 32.472 
895 32.441 
896 32.410 
897 32.379 
898 32.348 
899 32.317 
900 32.286 
901 32.256 
902 32.225 
903 32.194 
904 32.164 
905 32.133 
906 32.103 
907 32.072 
908 32.042 
909 32.011 
910 31.981 
911 31.951 
912 31.921 
913 31.891 
914 31.861 
915 31.831 
916 31.801 
917 31.771 
918 31.741 
919 31.711 
920 31.682 
921 31.652 
922 31.622 
923 31.593 
924 31.563 
925 31.534 
926 31.505 
927 31.475 
928 31.446 
929 31.417 
930 31.388 
931 31.359 
932 31.329 
933 31.300 
934 31.271 
935 31.243 
936 31.214 
937 31.185 
938 31.156 
939 31.127 
940 31.099 
941 31.070 
942 31.042 
943 31.013 
944 30.985 
945 30.956 
946 30.928 
947 30.900 
948 30.871 
949 30.843 
950 30.815 
951 30.787 
952 30.759 
953 30.731 
954 30.703 
955 30.675 
956 30.647 
957 30.620 
958 30.592 
959 30.564 
960 30.536 
961 30.509 
962 30.481 
963 30.454 
964 30.426 
965 30.399 
966 30.371 
967 30.344 
968 30.317 
969 30.290 
970 30.262 
971 30.235 
972 30.208 
973 30.181 
974 30.154 
975 30.127 
976 30.100 
977 30.073 
978 30.047 
979 30.020 
980 29.993 
981 29.966 
982 29.940 
983 29.913 
984 29.887 
985 29.860 
986 29.834 
987 29.807 
988 29.781 
989 29.755 
990 29.728 
991 29.702 
992 29.676 
993 29.650 
994 29.624 
995 29.598 
996 29.572 
997 29.546 
998 29.520 
999 29.494 
1000 29.468 
1001 29.442 
1002 29.416 
1003 29.391 
1004 29.365 
1005 29.339 
1006 29.314 
1007 29.288 
1008 29.263 
1009 29.237 
1010 29.212 
1011 29.186 
1012 29.161 
1013 29.136 
1014 29.110 
1015 29.085 
1016 29.060 
1017 29.035 
1018 29.010 
1019 28.984 
1020 28.959 
1021 28.934 
1022 28.909 
1023 28.885 
1024 28.860 
1025 28.835 
1026 28.810 
1027 28.785 
1028 28.761 
1029 28.736 
1030 28.711 
1031 28.687 
1032 28.662 
1033 28.638 
1034 28.613 
1035 28.589 
1036 28.564 
1037 28.540 
1038 28.516 
1039 28.491 
1040 28.467 
1041 28.443 
1042 28.419 
1043 28.394 
1044 28.370 
1045 28.346 
1046 28.322 
1047 28.298 
1048 28.274 
1049 28.250 
1050 28.226 
1051 28.202 
1052 28.179 
1053 28.155 
1054 28.131 
1055 28.107 
1056 28.084 
1057 28.060 
1058 28.036 
1059 28.013 
1060 27.989 
1061 27.966 
1062 27.942 
1063 27.919 
1064 27.896 
1065 27.872 
1066 27.849 
1067 27.826 
1068 27.802 
1069 27.779 
1070 27.756 
1071 27.733 
1072 27.710 
1073 27.687 
1074 27.664 
1075 27.641 
1076 27.618 
1077 27.595 
1078 27.572 
1079 27.549 
1080 27.526 
1081 27.503 
1082 27.480 
1083 27.458 
1084 27.435 
1085 27.412 
1086 27.390 
1087 27.367 
1088 27.344 
1089 27.322 
1090 27.299 
1091 27.277 
1092 27.254 
1093 27.232 
1094 27.209 
1095 27.187 
1096 27.165 
1097 27.142 
1098 27.120 
1099 27.098 
1100 27.076 
1101 27.054 
1102 27.031 
1103 27.009 
1104 26.987 
1105 26.965 
1106 26.943 
1107 26.921 
1108 26.899 
1109 26.877 
1110 26.855 
1111 26.834 
1112 26.812 
1113 26.790 
1114 26.768 
1115 26.746 
1116 26.725 
1117 26.703 
1118 26.681 
1119 26.660 
1120 26.638 
1121 26.617 
1122 26.595 
1123 26.574 
1124 26.552 
1125 26.531 
1126 26.509 
1127 26.488 
1128 26.466 
1129 26.445 
1130 26.424 
1131 26.403 
1132 26.381 
1133 26.360 
1134 26.339 
1135 26.318 
1136 26.297 
1137 26.276 
1138 26.254 
1139 26.233 
1140 26.212 
1141 26.191 
1142 26.170 
1143 26.150 
1144 26.129 
1145 26.108 
1146 26.087 
1147 26.066 
1148 26.045 
1149 26.025 
1150 26.004 
1151 25.983 
1152 25.962 
1153 25.942 
1154 25.921 
1155 25.901 
1156 25.880 
1157 25.859 
1158 25.839 
1159 25.818 
1160 25.798 
1161 25.778 
1162 25.757 
1163 25.737 
1164 25.716 
1165 25.696 
1166 25.676 
1167 25.655 
1168 25.635 
1169 25.615 
1170 25.595 
1171 25.575 
1172 25.554 
1173 25.534 
1174 25.514 
1175 25.494 
1176 25.474 
1177 25.454 
1178 25.434 
1179 25.414 
1180 25.394 
1181 25.374 
1182 25.354 
1183 25.334 
1184 25.315 
1185 25.295 
1186 25.275 
1187 25.255 
1188 25.235 
1189 25.216 
1190 25.196 
1191 25.176 
1192 25.157 
1193 25.137 
1194 25.117 
1195 25.098 
1196 25.078 
1197 25.059 
1198 25.039 
1199 25.020 
1200 25.000 
1201 24.981 
1202 24.962 
1203 24.942 
1204 24.923 
1205 24.903 
1206 24.884 
1207 24.865 
1208 24.846 
1209 24.826 
1210 24.807 
1211 24.788 
1212 24.769 
1213 24.750 
1214 24.730 
1215 24.711 
1216 24.692 
1217 24.673 
1218 24.654 
1219 24.635 
1220 24.616 
1221 24.597 
1222 24.578 
1223 24.559 
1224 24.540 
1225 24.522 
1226 24.503 
1227 24.484 
1228 24.465 
1229 24.446 
1230 24.428 
1231 24.409 
1232 24.390 
1233 24.371 
1234 24.353 
1235 24.334 
1236 24.315 
1237 24.297 
1238 24.278 
1239 24.260 
1240 24.241 
1241 24.223 
1242 24.204 
1243 24.186 
1244 24.167 
1245 24.149 
1246 24.130 
1247 24.112 
1248 24.094 
1249 24.075 
1250 24.057 
1251 24.039 
1252 24.020 
1253 24.002 
1254 23.984 
1255 23.966 
1256 23.947 
1257 23.929 
1258 23.911 
1259 23.893 
1260 23.875 
1261 23.857 
1262 23.839 
1263 23.821 
1264 23.802 
1265 23.784 
1266 23.766 
1267 23.748 
1268 23.731 
1269 23.713 
1270 23.695 
1271 23.677 
1272 23.659 
1273 23.641 
1274 23.623 
1275 23.605 
1276 23.588 
1277 23.570 
1278 23.552 
1279 23.534 
1280 23.517 
1281 23.499 
1282 23.481 
1283 23.464 
1284 23.446 
1285 23.428 
1286 23.411 
1287 23.393 
1288 23.376 
1289 23.358 
1290 23.341 
1291 23.323 
1292 23.306 
1293 23.288 
1294 23.271 
1295 23.253 
1296 23.236 
1297 23.218 
1298 23.201 
1299 23.184 
1300 23.166 
1301 23.149 
1302 23.132 
1303 23.115 
1304 23.097 
1305 23.080 
1306 23.063 
1307 23.046 
1308 23.028 
1309 23.011 
1310 22.994 
1311 22.977 
1312 22.960 
1313 22.943 
1314 22.926 
1315 22.909 
1316 22.892 
1317 22.875 
1318 22.858 
1319 22.841 
1320 22.824 
1321 22.807 
1322 22.790 
1323 22.773 
1324 22.756 
1325 22.739 
1326 22.722 
1327 22.706 
1328 22.689 
1329 22.672 
1330 22.655 
1331 22.638 
1332 22.622 
1333 22.605 
1334 22.588 
1335 22.571 
1336 22.555 
1337 22.538 
1338 22.522 
1339 22.505 
1340 22.488 
1341 22.472 
1342 22.455 
1343 22.439 
1344 22.422 
1345 22.405 
1346 22.389 
1347 22.373 
1348 22.356 
1349 22.340 
1350 22.323 
1351 22.307 
1352 22.290 
1353 22.274 
1354 22.258 
1355 22.241 
1356 22.225 
1357 22.209 
1358 22.192 
1359 22.176 
1360 22.160 
1361 22.143 
1362 22.127 
1363 22.111 
1364 22.095 
1365 22.079 
1366 22.062 
1367 22.046 
1368 22.030 
1369 22.014 
1370 21.998 
1371 21.982 
1372 21.966 
1373 21.950 
1374 21.934 
1375 21.918 
1376 21.902 
1377 21.886 
1378 21.870 
1379 21.854 
1380 21.838 
1381 21.822 
1382 21.806 
1383 21.790 
1384 21.774 
1385 21.758 
1386 21.742 
1387 21.727 
1388 21.711 
1389 21.695 
1390 21.679 
1391 21.663 
1392 21.648 
1393 21.632 
1394 21.616 
1395 21.600 
1396 21.585 
1397 21.569 
1398 21.553 
1399 21.538 
1400 21.522 
1401 21.507 
1402 21.491 
1403 21.475 
1404 21.460 
1405 21.444 
1406 21.429 
1407 21.413 
1408 21.398 
1409 21.382 
1410 21.367 
1411 21.351 
1412 21.336 
1413 21.320 
1414 21.305 
1415 21.289 
1416 21.274 
1417 21.259 
1418 21.243 
1419 21.228 
1420 21.213 
1421 21.197 
1422 21.182 
1423 21.167 
1424 21.151 
1425 21.136 
1426 21.121 
1427 21.106 
1428 21.090 
1429 21.075 
1430 21.060 
1431 21.045 
1432 21.030 
1433 21.015 
1434 20.999 
1435 20.984 
1436 20.969 
1437 20.954 
1438 20.939 
1439 20.924 
1440 20.909 
1441 20.894 
1442 20.879 
1443 20.864 
1444 20.849 
1445 20.834 
1446 20.819 
1447 20.804 
1448 20.789 
1449 20.774 
1450 20.759 
1451 20.744 
1452 20.729 
1453 20.715 
1454 20.700 
1455 20.685 
1456 20.670 
1457 20.655 
1458 20.641 
1459 20.626 
1460 20.611 
1461 20.596 
1462 20.581 
1463 20.567 
1464 20.552 
1465 20.537 
1466 20.523 
1467 20.508 
1468 20.493 
1469 20.479 
1470 20.464 
1471 20.449 
1472 20.435 
1473 20.420 
1474 20.406 
1475 20.391 
1476 20.376 
1477 20.362 
1478 20.347 
1479 20.333 
1480 20.318 
1481 20.304 
1482 20.289 
1483 20.275 
1484 20.261 
1485 20.246 
1486 20.232 
1487 20.217 
1488 20.203 
1489 20.188 
1490 20.174 
1491 20.160 
1492 20.145 
1493 20.131 
1494 20.117 
1495 20.102 
1496 20.088 
1497 20.074 
1498 20.060 
1499 20.045 
1500 20.031 
1501 20.017 
1502 20.003 
1503 19.988 
1504 19.974 
1505 19.960 
1506 19.946 
1507 19.932 
1508 19.918 
1509 19.903 
1510 19.889 
1511 19.875 
1512 19.861 
1513 19.847 
1514 19.833 
1515 19.819 
1516 19.805 
1517 19.791 
1518 19.777 
1519 19.763 
1520 19.749 
1521 19.735 
1522 19.721 
1523 19.707 
1524 19.693 
1525 19.679 
1526 19.665 
1527 19.651 
1528 19.637 
1529 19.623 
1530 19.610 
1531 19.596 
1532 19.582 
1533 19.568 
1534 19.554 
1535 19.540 
1536 19.527 
1537 19.513 
1538 19.499 
1539 19.485 
1540 19.472 
1541 19.458 
1542 19.444 
1543 19.430 
1544 19.417 
1545 19.403 
1546 19.389 
1547 19.376 
1548 19.362 
1549 19.348 
1550 19.335 
1551 19.321 
1552 19.307 
1553 19.294 
1554 19.280 
1555 19.267 
1556 19.253 
1557 19.240 
1558 19.226 
1559 19.213 
1560 19.199 
1561 19.186 
1562 19.172 
1563 19.159 
1564 19.145 
1565 19.132 
1566 19.118 
1567 19.105 
1568 19.091 
1569 19.078 
1570 19.064 
1571 19.051 
1572 19.038 
1573 19.024 
1574 19.011 
1575 18.998 
1576 18.984 
1577 18.971 
1578 18.958 
1579 18.944 
1580 18.931 
1581 18.918 
1582 18.905 
1583 18.891 
1584 18.878 
1585 18.865 
1586 18.852 
1587 18.838 
1588 18.825 
1589 18.812 
1590 18.799 
1591 18.786 
1592 18.772 
1593 18.759 
1594 18.746 
1595 18.733 
1596 18.720 
1597 18.707 
1598 18.694 
1599 18.681 
1600 18.668 
1601 18.655 
1602 18.641 
1603 18.628 
1604 18.615 
1605 18.602 
1606 18.589 
1607 18.576 
1608 18.563 
1609 18.550 
1610 18.537 
1611 18.525 
1612 18.512 
1613 18.499 
1614 18.486 
1615 18.473 
1616 18.460 
1617 18.447 
1618 18.434 
1619 18.421 
1620 18.408 
1621 18.396 
1622 18.383 
1623 18.370 
1624 18.357 
1625 18.344 
1626 18.331 
1627 18.319 
1628 18.306 
1629 18.293 
1630 18.280 
1631 18.268 
1632 18.255 
1633 18.242 
1634 18.230 
1635 18.217 
1636 18.204 
1637 18.191 
1638 18.179 
1639 18.166 
1640 18.153 
1641 18.141 
1642 18.128 
1643 18.116 
1644 18.103 
1645 18.090 
1646 18.078 
1647 18.065 
1648 18.053 
1649 18.040 
1650 18.028 
1651 18.015 
1652 18.002 
1653 17.990 
1654 17.977 
1655 17.965 
1656 17.952 
1657 17.940 
1658 17.928 
1659 17.915 
1660 17.903 
1661 17.890 
1662 17.878 
1663 17.865 
1664 17.853 
1665 17.841 
1666 17.828 
1667 17.816 
1668 17.803 
1669 17.791 
1670 17.779 
1671 17.766 
1672 17.754 
1673 17.742 
1674 17.729 
1675 17.717 
1676 17.705 
1677 17.693 
1678 17.680 
1679 17.668 
1680 17.656 
1681 17.644 
1682 17.631 
1683 17.619 
1684 17.607 
1685 17.595 
1686 17.582 
1687 17.570 
1688 17.558 
1689 17.546 
1690 17.534 
1691 17.522 
1692 17.510 
1693 17.497 
1694 17.485 
1695 17.473 
1696 17.461 
1697 17.449 
1698 17.437 
1699 17.425 
1700 17.413 
1701 17.401 
1702 17.389 
1703 17.377 
1704 17.365 
1705 17.353 
1706 17.341 
1707 17.329 
1708 17.317 
1709 17.305 
1710 17.293 
1711 17.281 
1712 17.269 
1713 17.257 
1714 17.245 
1715 17.233 
1716 17.221 
1717 17.209 
1718 17.197 
1719 17.185 
1720 17.174 
1721 17.162 
1722 17.150 
1723 17.138 
1724 17.126 
1725 17.114 
1726 17.103 
1727 17.091 
1728 17.079 
1729 17.067 
1730 17.055 
1731 17.044 
1732 17.032 
1733 17.020 
1734 17.008 
1735 16.997 
1736 16.985 
1737 16.973 
1738 16.961 
1739 16.950 
1740 16.938 
1741 16.926 
1742 16.915 
1743 16.903 
1744 16.891 
1745 16.880 
1746 16.868 
1747 16.857 
1748 16.845 
1749 16.833 
1750 16.822 
1751 16.810 
1752 16.799 
1753 16.787 
1754 16.775 
1755 16.764 
1756 16.752 
1757 16.741 
1758 16.729 
1759 16.718 
1760 16.706 
1761 16.695 
1762 16.683 
1763 16.672 
1764 16.660 
1765 16.649 
1766 16.637 
1767 16.626 
1768 16.614 
1769 16.603 
1770 16.592 
1771 16.580 
1772 16.569 
1773 16.557 
1774 16.546 
1775 16.535 
1776 16.523 
1777 16.512 
1778 16.500 
1779 16.489 
1780 16.478 
1781 16.466 
1782 16.455 
1783 16.444 
1784 16.433 
1785 16.421 
1786 16.410 
1787 16.399 
1788 16.387 
1789 16.376 
1790 16.365 
1791 16.354 
1792 16.342 
1793 16.331 
1794 16.320 
1795 16.309 
1796 16.298 
1797 16.286 
1798 16.275 
1799 16.264 
1800 16.253 
1801 16.242 
1802 16.231 
1803 16.219 
1804 16.208 
1805 16.197 
1806 16.186 
1807 16.175 
1808 16.164 
1809 16.153 
1810 16.142 
1811 16.131 
1812 16.119 
1813 16.108 
1814 16.097 
1815 16.086 
1816 16.075 
1817 16.064 
1818 16.053 
1819 16.042 
1820 16.031 
1821 16.020 
1822 16.009 
1823 15.998 
1824 15.987 
1825 15.976 
1826 15.965 
1827 15.954 
1828 15.944 
1829 15.933 
1830 15.922 
1831 15.911 
1832 15.900 
1833 15.889 
1834 15.878 
1835 15.867 
1836 15.856 
1837 15.845 
1838 15.835 
1839 15.824 
1840 15.813 
1841 15.802 
1842 15.791 
1843 15.780 
1844 15.770 
1845 15.759 
1846 15.748 
1847 15.737 
1848 15.727 
1849 15.716 
1850 15.705 
1851 15.694 
1852 15.684 
1853 15.673 
1854 15.662 
1855 15.651 
1856 15.641 
1857 15.630 
1858 15.619 
1859 15.609 
1860 15.598 
1861 15.587 
1862 15.577 
1863 15.566 
1864 15.555 
1865 15.545 
1866 15.534 
1867 15.523 
1868 15.513 
1869 15.502 
1870 15.491 
1871 15.481 
1872 15.470 
1873 15.460 
1874 15.449 
1875 15.439 
1876 15.428 
1877 15.418 
1878 15.407 
1879 15.396 
1880 15.386 
1881 15.375 
1882 15.365 
1883 15.354 
1884 15.344 
1885 15.333 
1886 15.323 
1887 15.312 
1888 15.302 
1889 15.292 
1890 15.281 
1891 15.271 
1892 15.260 
1893 15.250 
1894 15.239 
1895 15.229 
1896 15.219 
1897 15.208 
1898 15.198 
1899 15.187 
1900 15.177 
1901 15.167 
1902 15.156 
1903 15.146 
1904 15.136 
1905 15.125 
1906 15.115 
1907 15.105 
1908 15.094 
1909 15.084 
1910 15.074 
1911 15.063 
1912 15.053 
1913 15.043 
1914 15.033 
1915 15.022 
1916 15.012 
1917 15.002 
1918 14.992 
1919 14.981 
1920 14.971 
1921 14.961 
1922 14.951 
1923 14.941 
1924 14.930 
1925 14.920 
1926 14.910 
1927 14.900 
1928 14.890 
1929 14.880 
1930 14.869 
1931 14.859 
1932 14.849 
1933 14.839 
1934 14.829 
1935 14.819 
1936 14.809 
1937 14.799 
1938 14.789 
1939 14.778 
1940 14.768 
1941 14.758 
1942 14.748 
1943 14.738 
1944 14.728 
1945 14.718 
1946 14.708 
1947 14.698 
1948 14.688 
1949 14.678 
1950 14.668 
1951 14.658 
1952 14.648 
1953 14.638 
1954 14.628 
1955 14.618 
1956 14.608 
1957 14.598 
1958 14.588 
1959 14.578 
1960 14.568 
1961 14.558 
1962 14.549 
1963 14.539 
1964 14.529 
1965 14.519 
1966 14.509 
1967 14.499 
1968 14.489 
1969 14.479 
1970 14.469 
1971 14.460 
1972 14.450 
1973 14.440 
1974 14.430 
1975 14.420 
1976 14.410 
1977 14.401 
1978 14.391 
1979 14.381 
1980 14.371 
1981 14.362 
1982 14.352 
1983 14.342 
1984 14.332 
1985 14.322 
1986 14.313 
1987 14.303 
1988 14.293 
1989 14.284 
1990 14.274 
1991 14.264 
1992 14.254 
1993 14.245 
1994 14.235 
1995 14.225 
1996 14.216 
1997 14.206 
1998 14.196 
1999 14.187 
2000 14.177 
2001 14.167 
2002 14.158 
2003 14.148 
2004 14.138 
2005 14.129 
2006 14.119 
2007 14.110 
2008 14.100 
2009 14.090 
2010 14.081 
2011 14.071 
2012 14.062 
2013 14.052 
2014 14.043 
2015 14.033 
2016 14.024 
2017 14.014 
2018 14.004 
2019 13.995 
2020 13.985 
2021 13.976 
2022 13.966 
2023 13.957 
2024 13.947 
2025 13.938 
2026 13.929 
2027 13.919 
2028 13.910 
2029 13.900 
2030 13.891 
2031 13.881 
2032 13.872 
2033 13.862 
2034 13.853 
2035 13.844 
2036 13.834 
2037 13.825 
2038 13.815 
2039 13.806 
2040 13.797 
2041 13.787 
2042 13.778 
2043 13.768 
2044 13.759 
2045 13.750 
2046 13.740 
2047 13.731 
2048 13.722 
2049 13.712 
2050 13.703 
2051 13.694 
2052 13.685 
2053 13.675 
2054 13.666 
2055 13.657 
2056 13.647 
2057 13.638 
2058 13.629 
2059 13.620 
2060 13.610 
2061 13.601 
2062 13.592 
2063 13.583 
2064 13.573 
2065 13.564 
2066 13.555 
2067 13.546 
2068 13.537 
2069 13.527 
2070 13.518 
2071 13.509 
2072 13.500 
2073 13.491 
2074 13.482 
2075 13.472 
2076 13.463 
2077 13.454 
2078 13.445 
2079 13.436 
2080 13.427 
2081 13.418 
2082 13.409 
2083 13.399 
2084 13.390 
2085 13.381 
2086 13.372 
2087 13.363 
2088 13.354 
2089 13.345 
2090 13.336 
2091 13.327 
2092 13.318 
2093 13.309 
2094 13.300 
2095 13.291 
2096 13.282 
2097 13.273 
2098 13.264 
2099 13.255 
2100 13.246 
2101 13.237 
2102 13.228 
2103 13.219 
2104 13.210 
2105 13.201 
2106 13.192 
2107 13.183 
2108 13.174 
2109 13.165 
2110 13.156 
2111 13.147 
2112 13.138 
2113 13.129 
2114 13.121 
2115 13.112 
2116 13.103 
2117 13.094 
2118 13.085 
2119 13.076 
2120 13.067 
2121 13.058 
2122 13.050 
2123 13.041 
2124 13.032 
2125 13.023 
2126 13.014 
2127 13.005 
2128 12.997 
2129 12.988 
2130 12.979 
2131 12.970 
2132 12.961 
2133 12.953 
2134 12.944 
2135 12.935 
2136 12.926 
2137 12.918 
2138 12.909 
2139 12.900 
2140 12.891 
2141 12.883 
2142 12.874 
2143 12.865 
2144 12.856 
2145 12.848 
2146 12.839 
2147 12.830 
2148 12.822 
2149 12.813 
2150 12.804 
2151 12.795 
2152 12.787 
2153 12.778 
2154 12.769 
2155 12.761 
2156 12.752 
2157 12.744 
2158 12.735 
2159 12.726 
2160 12.718 
2161 12.709 
2162 12.700 
2163 12.692 
2164 12.683 
2165 12.675 
2166 12.666 
2167 12.657 
2168 12.649 
2169 12.640 
2170 12.632 
2171 12.623 
2172 12.615 
2173 12.606 
2174 12.598 
2175 12.589 
2176 12.581 
2177 12.572 
2178 12.564 
2179 12.555 
2180 12.546 
2181 12.538 
2182 12.530 
2183 12.521 
2184 12.513 
2185 12.504 
2186 12.496 
2187 12.487 
2188 12.479 
2189 12.470 
2190 12.462 
2191 12.453 
2192 12.445 
2193 12.436 
2194 12.428 
2195 12.420 
2196 12.411 
2197 12.403 
2198 12.394 
2199 12.386 
2200 12.378 
2201 12.369 
2202 12.361 
2203 12.353 
2204 12.344 
2205 12.336 
2206 12.327 
2207 12.319 
2208 12.311 
2209 12.302 
2210 12.294 
2211 12.286 
2212 12.278 
2213 12.269 
2214 12.261 
2215 12.253 
2216 12.244 
2217 12.236 
2218 12.228 
2219 12.219 
2220 12.211 
2221 12.203 
2222 12.195 
2223 12.186 
2224 12.178 
2225 12.170 
2226 12.162 
2227 12.153 
2228 12.145 
2229 12.137 
2230 12.129 
2231 12.121 
2232 12.112 
2233 12.104 
2234 12.096 
2235 12.088 
2236 12.080 
2237 12.071 
2238 12.063 
2239 12.055 
2240 12.047 
2241 12.039 
2242 12.031 
2243 12.023 
2244 12.014 
2245 12.006 
2246 11.998 
2247 11.990 
2248 11.982 
2249 11.974 
2250 11.966 
2251 11.958 
2252 11.950 
2253 11.941 
2254 11.933 
2255 11.925 
2256 11.917 
2257 11.909 
2258 11.901 
2259 11.893 
2260 11.885 
2261 11.877 
2262 11.869 
2263 11.861 
2264 11.853 
2265 11.845 
2266 11.837 
2267 11.829 
2268 11.821 
2269 11.813 
2270 11.805 
2271 11.797 
2272 11.789 
2273 11.781 
2274 11.773 
2275 11.765 
2276 11.757 
2277 11.749 
2278 11.741 
2279 11.733 
2280 11.725 
2281 11.717 
2282 11.709 
2283 11.702 
2284 11.694 
2285 11.686 
2286 11.678 
2287 11.670 
2288 11.662 
2289 11.654 
2290 11.646 
2291 11.638 
2292 11.631 
2293 11.623 
2294 11.615 
2295 11.607 
2296 11.599 
2297 11.591 
2298 11.583 
2299 11.576 
2300 11.568 
2301 11.560 
2302 11.552 
2303 11.544 
2304 11.536 
2305 11.529 
2306 11.521 
2307 11.513 
2308 11.505 
2309 11.498 
2310 11.490 
2311 11.482 
2312 11.474 
2313 11.466 
2314 11.459 
2315 11.451 
2316 11.443 
2317 11.436 
2318 11.428 
2319 11.420 
2320 11.412 
2321 11.405 
2322 11.397 
2323 11.389 
2324 11.382 
2325 11.374 
2326 11.366 
2327 11.358 
2328 11.351 
2329 11.343 
2330 11.335 
2331 11.328 
2332 11.320 
2333 11.312 
2334 11.305 
2335 11.297 
2336 11.290 
2337 11.282 
2338 11.274 
2339 11.267 
2340 11.259 
2341 11.251 
2342 11.244 
2343 11.236 
2344 11.229 
2345 11.221 
2346 11.213 
2347 11.206 
2348 11.198 
2349 11.191 
2350 11.183 
2351 11.176 
2352 11.168 
2353 11.161 
2354 11.153 
2355 11.145 
2356 11.138 
2357 11.130 
2358 11.123 
2359 11.115 
2360 11.108 
2361 11.100 
2362 11.093 
2363 11.085 
2364 11.078 
2365 11.070 
2366 11.063 
2367 11.055 
2368 11.048 
2369 11.041 
2370 11.033 
2371 11.026 
2372 11.018 
2373 11.011 
2374 11.003 
2375 10.996 
2376 10.988 
2377 10.981 
2378 10.974 
2379 10.966 
2380 10.959 
2381 10.951 
2382 10.944 
2383 10.937 
2384 10.929 
2385 10.922 
2386 10.914 
2387 10.907 
2388 10.900 
2389 10.892 
2390 10.885 
2391 10.878 
2392 10.870 
2393 10.863 
2394 10.856 
2395 10.848 
2396 10.841 
2397 10.834 
2398 10.826 
2399 10.819 
2400 10.812 
2401 10.804 
2402 10.797 
2403 10.790 
2404 10.782 
2405 10.775 
2406 10.768 
2407 10.761 
2408 10.753 
2409 10.746 
2410 10.739 
2411 10.732 
2412 10.724 
2413 10.717 
2414 10.710 
2415 10.703 
2416 10.695 
2417 10.688 
2418 10.681 
2419 10.674 
2420 10.667 
2421 10.659 
2422 10.652 
2423 10.645 
2424 10.638 
2425 10.631 
2426 10.623 
2427 10.616 
2428 10.609 
2429 10.602 
2430 10.595 
2431 10.588 
2432 10.580 
2433 10.573 
2434 10.566 
2435 10.559 
2436 10.552 
2437 10.545 
2438 10.538 
2439 10.531 
2440 10.523 
2441 10.516 
2442 10.509 
2443 10.502 
2444 10.495 
2445 10.488 
2446 10.481 
2447 10.474 
2448 10.467 
2449 10.460 
2450 10.453 
2451 10.445 
2452 10.438 
2453 10.431 
2454 10.424 
2455 10.417 
2456 10.410 
2457 10.403 
2458 10.396 
2459 10.389 
2460 10.382 
2461 10.375 
2462 10.368 
2463 10.361 
2464 10.354 
2465 10.347 
2466 10.340 
2467 10.333 
2468 10.326 
2469 10.319 
2470 10.312 
2471 10.305 
2472 10.298 
2473 10.291 
2474 10.284 
2475 10.278 
2476 10.271 
2477 10.264 
2478 10.257 
2479 10.250 
2480 10.243 
2481 10.236 
2482 10.229 
2483 10.222 
2484 10.215 
2485 10.208 
2486 10.201 
2487 10.195 
2488 10.188 
2489 10.181 
2490 10.174 
2491 10.167 
2492 10.160 
2493 10.153 
2494 10.147 
2495 10.140 
2496 10.133 
2497 10.126 
2498 10.119 
2499 10.112 
2500 10.106 
2501 10.099 
2502 10.092 
2503 10.085 
2504 10.078 
2505 10.071 
2506 10.065 
2507 10.058 
2508 10.051 
2509 10.044 
2510 10.038 
2511 10.031 
2512 10.024 
2513 10.017 
2514 10.010 
2515 10.004 
2516 9.997 
2517 9.990 
2518 9.983 
2519 9.977 
2520 9.970 
2521 9.963 
2522 9.957 
2523 9.950 
2524 9.943 
2525 9.936 
2526 9.930 
2527 9.923 
2528 9.916 
2529 9.910 
2530 9.903 
2531 9.896 
2532 9.890 
2533 9.883 
2534 9.876 
2535 9.870 
2536 9.863 
2537 9.856 
2538 9.850 
2539 9.843 
2540 9.836 
2541 9.830 
2542 9.823 
2543 9.816 
2544 9.810 
2545 9.803 
2546 9.796 
2547 9.790 
2548 9.783 
2549 9.777 
2550 9.770 
2551 9.763 
2552 9.757 
2553 9.750 
2554 9.744 
2555 9.737 
2556 9.731 
2557 9.724 
2558 9.717 
2559 9.711 
2560 9.704 
2561 9.698 
2562 9.691 
2563 9.685 
2564 9.678 
2565 9.672 
2566 9.665 
2567 9.659 
2568 9.652 
2569 9.646 
2570 9.639 
2571 9.633 
2572 9.626 
2573 9.620 
2574 9.613 
2575 9.607 
2576 9.600 
2577 9.594 
2578 9.587 
2579 9.581 
2580 9.574 
2581 9.568 
2582 9.561 
2583 9.555 
2584 9.548 
2585 9.542 
2586 9.536 
2587 9.529 
2588 9.523 
2589 9.516 
2590 9.510 
2591 9.503 
2592 9.497 
2593 9.491 
2594 9.484 
2595 9.478 
2596 9.471 
2597 9.465 
2598 9.459 
2599 9.452 
2600 9.446 
2601 9.439 
2602 9.433 
2603 9.427 
2604 9.420 
2605 9.414 
2606 9.408 
2607 9.401 
2608 9.395 
2609 9.389 
2610 9.382 
2611 9.376 
2612 9.370 
2613 9.363 
2614 9.357 
2615 9.351 
2616 9.344 
2617 9.338 
2618 9.332 
2619 9.325 
2620 9.319 
2621 9.313 
2622 9.307 
2623 9.300 
2624 9.294 
2625 9.288 
2626 9.282 
2627 9.275 
2628 9.269 
2629 9.263 
2630 9.257 
2631 9.250 
2632 9.244 
2633 9.238 
2634 9.232 
2635 9.225 
2636 9.219 
2637 9.213 
2638 9.207 
2639 9.200 
2640 9.194 
2641 9.188 
2642 9.182 
2643 9.176 
2644 9.169 
2645 9.163 
2646 9.157 
2647 9.151 
2648 9.145 
2649 9.139 
2650 9.132 
2651 9.126 
2652 9.120 
2653 9.114 
2654 9.108 
2655 9.102 
2656 9.096 
2657 9.089 
2658 9.083 
2659 9.077 
2660 9.071 
2661 9.065 
2662 9.059 
2663 9.053 
2664 9.047 
2665 9.040 
2666 9.034 
2667 9.028 
2668 9.022 
2669 9.016 
2670 9.010 
2671 9.004 
2672 8.998 
2673 8.992 
2674 8.986 
2675 8.980 
2676 8.974 
2677 8.968 
2678 8.962 
2679 8.955 
2680 8.949 
2681 8.943 
2682 8.937 
2683 8.931 
2684 8.925 
2685 8.919 
2686 8.913 
2687 8.907 
2688 8.901 
2689 8.895 
2690 8.889 
2691 8.883 
2692 8.877 
2693 8.871 
2694 8.865 
2695 8.859 
2696 8.853 
2697 8.847 
2698 8.841 
2699 8.835 
2700 8.829 
2701 8.824 
2702 8.818 
2703 8.812 
2704 8.806 
2705 8.800 
2706 8.794 
2707 8.788 
2708 8.782 
2709 8.776 
2710 8.770 
2711 8.764 
2712 8.758 
2713 8.752 
2714 8.746 
2715 8.741 
2716 8.735 
2717 8.729 
2718 8.723 
2719 8.717 
2720 8.711 
2721 8.705 
2722 8.699 
2723 8.694 
2724 8.688 
2725 8.682 
2726 8.676 
2727 8.670 
2728 8.664 
2729 8.658 
2730 8.653 
2731 8.647 
2732 8.641 
2733 8.635 
2734 8.629 
2735 8.623 
2736 8.618 
2737 8.612 
2738 8.606 
2739 8.600 
2740 8.594 
2741 8.589 
2742 8.583 
2743 8.577 
2744 8.571 
2745 8.565 
2746 8.560 
2747 8.554 
2748 8.548 
2749 8.542 
2750 8.537 
2751 8.531 
2752 8.525 
2753 8.519 
2754 8.514 
2755 8.508 
2756 8.502 
2757 8.496 
2758 8.491 
2759 8.485 
2760 8.479 
2761 8.474 
2762 8.468 
2763 8.462 
2764 8.456 
2765 8.451 
2766 8.445 
2767 8.439 
2768 8.434 
2769 8.428 
2770 8.422 
2771 8.417 
2772 8.411 
2773 8.405 
2774 8.400 
2775 8.394 
2776 8.388 
2777 8.383 
2778 8.377 
2779 8.371 
2780 8.366 
2781 8.360 
2782 8.354 
2783 8.349 
2784 8.343 
2785 8.337 
2786 8.332 
2787 8.326 
2788 8.321 
2789 8.315 
2790 8.309 
2791 8.304 
2792 8.298 
2793 8.293 
2794 8.287 
2795 8.281 
2796 8.276 
2797 8.270 
2798 8.265 
2799 8.259 
2800 8.253 
2801 8.248 
2802 8.242 
2803 8.237 
2804 8.231 
2805 8.226 
2806 8.220 
2807 8.215 
2808 8.209 
2809 8.204 
2810 8.198 
2811 8.192 
2812 8.187 
2813 8.181 
2814 8.176 
2815 8.170 
2816 8.165 
2817 8.159 
2818 8.154 
2819 8.148 
2820 8.143 
2821 8.137 
2822 8.132 
2823 8.126 
2824 8.121 
2825 8.115 
2826 8.110 
2827 8.105 
2828 8.099 
2829 8.094 
2830 8.088 
2831 8.083 
2832 8.077 
2833 8.072 
2834 8.066 
2835 8.061 
2836 8.056 
2837 8.050 
2838 8.045 
2839 8.039 
2840 8.034 
2841 8.028 
2842 8.023 
2843 8.018 
2844 8.012 
2845 8.007 
2846 8.001 
2847 7.996 
2848 7.991 
2849 7.985 
2850 7.980 
2851 7.974 
2852 7.969 
2853 7.964 
2854 7.958 
2855 7.953 
2856 7.948 
2857 7.942 
2858 7.937 
2859 7.932 
2860 7.926 
2861 7.921 
2862 7.915 
2863 7.910 
2864 7.905 
2865 7.899 
2866 7.894 
2867 7.889 
2868 7.884 
2869 7.878 
2870 7.873 
2871 7.868 
2872 7.862 
2873 7.857 
2874 7.852 
2875 7.846 
2876 7.841 
2877 7.836 
2878 7.831 
2879 7.825 
2880 7.820 
2881 7.815 
2882 7.809 
2883 7.804 
2884 7.799 
2885 7.794 
2886 7.788 
2887 7.783 
2888 7.778 
2889 7.773 
2890 7.767 
2891 7.762 
2892 7.757 
2893 7.752 
2894 7.746 
2895 7.741 
2896 7.736 
2897 7.731 
2898 7.726 
2899 7.720 
2900 7.715 
2901 7.710 
2902 7.705 
2903 7.700 
2904 7.694 
2905 7.689 
2906 7.684 
2907 7.679 
2908 7.674 
2909 7.669 
2910 7.663 
2911 7.658 
2912 7.653 
2913 7.648 
2914 7.643 
2915 7.638 
2916 7.632 
2917 7.627 
2918 7.622 
2919 7.617 
2920 7.612 
2921 7.607 
2922 7.602 
2923 7.596 
2924 7.591 
2925 7.586 
2926 7.581 
2927 7.576 
2928 7.571 
2929 7.566 
2930 7.561 
2931 7.556 
2932 7.550 
2933 7.545 
2934 7.540 
2935 7.535 
2936 7.530 
2937 7.525 
2938 7.520 
2939 7.515 
2940 7.510 
2941 7.505 
2942 7.500 
2943 7.495 
2944 7.490 
2945 7.485 
2946 7.480 
2947 7.474 
2948 7.469 
2949 7.464 
2950 7.459 
2951 7.454 
2952 7.449 
2953 7.444 
2954 7.439 
2955 7.434 
2956 7.429 
2957 7.424 
2958 7.419 
2959 7.414 
2960 7.409 
2961 7.404 
2962 7.399 
2963 7.394 
2964 7.389 
2965 7.384 
2966 7.379 
2967 7.374 
2968 7.369 
2969 7.364 
2970 7.359 
2971 7.354 
2972 7.350 
2973 7.345 
2974 7.340 
2975 7.335 
2976 7.330 
2977 7.325 
2978 7.320 
2979 7.315 
2980 7.310 
2981 7.305 
2982 7.300 
2983 7.295 
2984 7.290 
2985 7.285 
2986 7.280 
2987 7.276 
2988 7.271 
2989 7.266 
2990 7.261 
2991 7.256 
2992 7.251 
2993 7.246 
2994 7.241 
2995 7.236 
2996 7.232 
2997 7.227 
2998 7.222 
2999 7.217 
3000 7.212 
3001 7.207 
3002 7.202 
3003 7.197 
3004 7.193 
3005 7.188 
3006 7.183 
3007 7.178 
3008 7.173 
3009 7.168 
3010 7.164 
3011 7.159 
3012 7.154 
3013 7.149 
3014 7.144 
3015 7.139 
3016 7.135 
3017 7.130 
3018 7.125 
3019 7.120 
3020 7.115 
3021 7.111 
3022 7.106 
3023 7.101 
3024 7.096 
3025 7.091 
3026 7.087 
3027 7.082 
3028 7.077 
3029 7.072 
3030 7.068 
3031 7.063 
3032 7.058 
3033 7.053 
3034 7.049 
3035 7.044 
3036 7.039 
3037 7.034 
3038 7.030 
3039 7.025 
3040 7.020 
3041 7.015 
3042 7.011 
3043 7.006 
3044 7.001 
3045 6.996 
3046 6.992 
3047 6.987 
3048 6.982 
3049 6.978 
3050 6.973 
3051 6.968 
3052 6.964 
3053 6.959 
3054 6.954 
3055 6.949 
3056 6.945 
3057 6.940 
3058 6.935 
3059 6.931 
3060 6.926 
3061 6.921 
3062 6.917 
3063 6.912 
3064 6.907 
3065 6.903 
3066 6.898 
3067 6.893 
3068 6.889 
3069 6.884 
3070 6.880 
3071 6.875 
3072 6.870 
3073 6.866 
3074 6.861 
3075 6.856 
3076 6.852 
3077 6.847 
3078 6.843 
3079 6.838 
3080 6.833 
3081 6.829 
3082 6.824 
3083 6.820 
3084 6.815 
3085 6.810 
3086 6.806 
3087 6.801 
3088 6.797 
3089 6.792 
3090 6.787 
3091 6.783 
3092 6.778 
3093 6.774 
3094 6.769 
3095 6.765 
3096 6.760 
3097 6.755 
3098 6.751 
3099 6.746 
3100 6.742 
3101 6.737 
3102 6.733 
3103 6.728 
3104 6.724 
3105 6.719 
3106 6.715 
3107 6.710 
3108 6.706 
3109 6.701 
3110 6.696 
3111 6.692 
3112 6.687 
3113 6.683 
3114 6.678 
3115 6.674 
3116 6.669 
3117 6.665 
3118 6.660 
3119 6.656 
3120 6.651 
3121 6.647 
3122 6.643 
3123 6.638 
3124 6.634 
3125 6.629 
3126 6.625 
3127 6.620 
3128 6.616 
3129 6.611 
3130 6.607 
3131 6.602 
3132 6.598 
3133 6.593 
3134 6.589 
3135 6.585 
3136 6.580 
3137 6.576 
3138 6.571 
3139 6.567 
3140 6.562 
3141 6.558 
3142 6.554 
3143 6.549 
3144 6.545 
3145 6.540 
3146 6.536 
3147 6.531 
3148 6.527 
3149 6.523 
3150 6.518 
3151 6.514 
3152 6.509 
3153 6.505 
3154 6.501 
3155 6.496 
3156 6.492 
3157 6.488 
3158 6.483 
3159 6.479 
3160 6.474 
3161 6.470 
3162 6.466 
3163 6.461 
3164 6.457 
3165 6.453 
3166 6.448 
3167 6.444 
3168 6.440 
3169 6.435 
3170 6.431 
3171 6.427 
3172 6.422 
3173 6.418 
3174 6.414 
3175 6.409 
3176 6.405 
3177 6.401 
3178 6.396 
3179 6.392 
3180 6.388 
3181 6.383 
3182 6.379 
3183 6.375 
3184 6.371 
3185 6.366 
3186 6.362 
3187 6.358 
3188 6.353 
3189 6.349 
3190 6.345 
3191 6.341 
3192 6.336 
3193 6.332 
3194 6.328 
3195 6.323 
3196 6.319 
3197 6.315 
3198 6.311 
3199 6.306 
3200 6.302 
3201 6.298 
3202 6.294 
3203 6.289 
3204 6.285 
3205 6.281 
3206 6.277 
3207 6.273 
3208 6.268 
3209 6.264 
3210 6.260 
3211 6.256 
3212 6.251 
3213 6.247 
3214 6.243 
3215 6.239 
3216 6.235 
3217 6.230 
3218 6.226 
3219 6.222 
3220 6.218 
3221 6.214 
3222 6.209 
3223 6.205 
3224 6.201 
3225 6.197 
3226 6.193 
3227 6.189 
3228 6.184 
3229 6.180 
3230 6.176 
3231 6.172 
3232 6.168 
3233 6.164 
3234 6.159 
3235 6.155 
3236 6.151 
3237 6.147 
3238 6.143 
3239 6.139 
3240 6.134 
3241 6.130 
3242 6.126 
3243 6.122 
3244 6.118 
3245 6.114 
3246 6.110 
3247 6.106 
3248 6.101 
3249 6.097 
3250 6.093 
3251 6.089 
3252 6.085 
3253 6.081 
3254 6.077 
3255 6.073 
3256 6.069 
3257 6.065 
3258 6.060 
3259 6.056 
3260 6.052 
3261 6.048 
3262 6.044 
3263 6.040 
3264 6.036 
3265 6.032 
3266 6.028 
3267 6.024 
3268 6.020 
3269 6.016 
3270 6.012 
3271 6.008 
3272 6.004 
3273 6.000 
3274 5.995 
3275 5.991 
3276 5.987 
3277 5